MATH:0.109375,0.0625,0.03125
ENGLISH:0.125,0.03125
SCIENCE:0.1171875,0.0625,0.0625,0.046875
TECH:0.09375,0.03125
HISTORY:0.03125,0.03125
ART:0.0625
PHYSED:0.046875
MISC:0.0625
